# s std pxx pxx_std pyy pyy_std pzz pzz_std lx lx_std ly ly_std lz lz_std
-3.252776078304339431e-15 3.964175203633650434e-32 9.840060394937268917e-01 2.208761380366513372e+00 -5.204366647419828240e+00 2.419233416586200835e+00 -2.265787281407662057e+00 2.060645801170069014e+00 1.081042543137293563e+02 9.284698628836986906e-03 1.084147696499048408e+02 9.002060157340846178e-03 1.092209728944056337e+02 1.428244637593269455e-15
9.999999999967428607e-04 2.179328365468245629e-20 -5.879180841122099821e+00 2.563258490610396567e+00 -5.401826386199138241e+00 2.475005341952890792e+00 -3.624677676631985479e-01 2.333425957699196474e+00 1.080991258079850894e+02 7.444025253231203315e-03 1.083537660398131379e+02 7.517379879703709432e-03 1.093301938673000251e+02 2.856489275186538911e-15
2.000999999996679046e-03 8.717313461872982516e-20 3.018894859912595763e+00 2.451950859322334697e+00 3.437498688451600670e-01 2.270670878436710449e+00 5.607843711685466248e-01 2.683063732844507054e+00 1.080102995356747897e+02 8.591021524773466769e-03 1.082514830173323759e+02 9.497222822207147461e-03 1.094395240611673188e+02 2.856489275186538911e-15
3.003000999996729981e-03 0.000000000000000000e+00 6.457295161686213980e-01 2.206052033176218341e+00 -1.808191143025810188e+00 2.067673712356894011e+00 4.645990219164603197e+00 2.318961059643938949e+00 1.078810001867715584e+02 7.217005161829141528e-03 1.082515752126547568e+02 8.488649910649523692e-03 1.095489635852284778e+02 4.284733912779808366e-15
4.006004000996840272e-03 0.000000000000000000e+00 1.042383964091884579e-01 2.387188829789637090e+00 1.995706678984557059e-01 2.299635510772947811e+00 5.863463677259558970e+00 2.311881427411603962e+00 1.078836452513038182e+02 8.366195982601784542e-03 1.081568447382889531e+02 8.633893854567935636e-03 1.096585125488138175e+02 5.712978550373077822e-15
5.010010004997749247e-03 8.717313461872982516e-20 2.883048514955265151e+00 2.606616106142418232e+00 -1.076885843222104011e+00 2.364217850877624816e+00 1.124768587557381139e+01 2.576311675312495275e+00 1.077438315992087325e+02 8.980099465486827970e-03 1.081280431663422519e+02 7.780464302716918329e-03 1.097681710613625938e+02 2.856489275186538911e-15
6.015020015002739764e-03 0.000000000000000000e+00 -2.098630482070725556e+00 2.609298011357387370e+00 3.050495504968545601e-01 2.336984369229476055e+00 9.269695229560531047e+00 2.439038259152214838e+00 1.076636799548942207e+02 8.029458167691480228e-03 1.081171221153460067e+02 8.280569325204361480e-03 1.098779392324238842e+02 4.284733912779808366e-15
7.021035035017818629e-03 1.743462692374596503e-19 -2.470817588620425553e+00 2.312067941665873594e+00 2.043456967918180212e+00 2.375048002530240510e+00 1.214179922055115846e+01 2.297761416901896503e+00 1.076520827266993763e+02 7.815205547502614841e-03 1.080526128908756078e+02 8.136947714798899167e-03 1.099878171716563315e+02 2.856489275186538911e-15
8.028056070052847631e-03 1.743462692374596503e-19 -6.483779367992664966e+00 2.156700044022139995e+00 -2.966355489451794725e+00 2.715462094973950080e+00 1.750065203843870520e+01 2.621083594148543305e+00 1.076228463259857762e+02 8.795930001931977563e-03 1.079839762062626818e+02 7.794035823500342075e-03 1.100978049888279884e+02 2.856489275186538911e-15
9.036084126123011123e-03 1.743462692374596503e-19 -3.177818706078781169e-02 2.479040121208045733e+00 -1.328853370103162845e+00 2.453664580460087397e+00 1.754587792627750176e+01 2.660846066427392298e+00 1.076742669459972461e+02 7.423518719896715634e-03 1.078425234668484904e+02 7.104163273143889595e-03 1.102079027938168281e+02 2.856489275186538911e-15
1.004512021024900163e-02 1.743462692374596503e-19 -8.242599337903970813e-01 2.639882321262752018e+00 2.011235085288325397e+00 2.518003200911256734e+00 2.522868923574110411e+01 2.275877207124972212e+00 1.075605484303106465e+02 8.058001641338650989e-03 1.078857922847343929e+02 8.196639315756990354e-03 1.103181106966106739e+02 1.428244637593269455e-15
1.105516533045939817e-02 1.743462692374596503e-19 -3.467763079004798854e+00 2.361997770558188492e+00 -6.116016029717837199e+00 2.175536857669596813e+00 2.066061996954210045e+01 2.009793728227182275e+00 1.074628598737728993e+02 8.985760410892707634e-03 1.078504925610751712e+02 8.140928877334922126e-03 1.104284288073072275e+02 5.712978550373077822e-15
1.206622049578970346e-02 3.486925384749193006e-19 8.380504779770570067e-01 2.735659891763528417e+00 4.607903449662462236e+00 2.522292863942121599e+00 2.193254145394772792e+01 2.186619821930772201e+00 1.074572075538787743e+02 8.812429516330440304e-03 1.077044897596737485e+02 9.544272883540547495e-03 1.105388572361146231e+02 4.284733912779808366e-15
1.307828671628559654e-02 3.486925384749193006e-19 3.361016819888198892e+00 2.335734527340287858e+00 -4.695778326345263487e+00 2.581065241702797497e+00 2.763419852450696013e+01 2.760706132405945645e+00 1.074008977117167660e+02 8.741858056531878057e-03 1.076630413824483981e+02 7.659499858974160198e-03 1.106493960933507310e+02 2.856489275186538911e-15
1.409136500300190060e-02 0.000000000000000000e+00 4.709073815173993260e+00 2.362678390081510926e+00 -4.212371406290753129e+00 2.312092114552015243e+00 2.611342092144177940e+01 2.471484491584176268e+00 1.074362063929693107e+02 8.851211279805912269e-03 1.075334262774276937e+02 8.742017832286303608e-03 1.107600454894440674e+02 1.428244637593269455e-15
1.510545636800489540e-02 5.230388077123789510e-19 3.582271633609249162e-01 2.540033970271119212e+00 3.427067970705910405e-01 2.350291103008488314e+00 3.021864223064851984e+01 2.238597665677280357e+00 1.074038852835288651e+02 8.424587767218246273e-03 1.074887670562304294e+02 7.865501658997599982e-03 1.108708055349335382e+02 4.284733912779808366e-15
1.612056182437299201e-02 6.973850769498386013e-19 6.790851166423665930e-01 2.379680950333560308e+00 -1.432795981838733024e+00 2.590678974093204801e+00 2.956174746548335719e+01 2.451899018635805838e+00 1.074100292038604323e+02 7.709417495366788914e-03 1.073603651917944575e+02 7.620864255640051425e-03 1.109816763404684821e+02 4.284733912779808366e-15
1.713668238619719605e-02 3.486925384749193006e-19 -3.102122627954615908e+00 2.544597895087663986e+00 1.886295624323877318e+00 2.360004973974704434e+00 3.021362048380441934e+01 2.866009733918239100e+00 1.072380313575452817e+02 7.895898466814753672e-03 1.074471485896742280e+02 8.955036198667845615e-03 1.110926580168088691e+02 2.856489275186538911e-15
1.815381906858349811e-02 3.486925384749193006e-19 -4.245832989805087276e-01 2.195397158985058272e+00 1.700762703355023886e+00 2.523849507493213018e+00 3.909263010400000127e+01 2.547824989150629715e+00 1.072271658676356338e+02 8.549219559822159378e-03 1.073580173073783754e+02 9.350626247279026151e-03 1.112037506748257130e+02 0.000000000000000000e+00
1.917197288765209659e-02 3.486925384749193006e-19 1.430718766183563195e+00 2.385706019525177801e+00 -1.501354126436751590e+00 2.291624881692041260e+00 3.713090086688894331e+01 2.430996803715750776e+00 1.072368157813316998e+02 7.686134039608462191e-03 1.072737419365245728e+02 7.547211276363569032e-03 1.113149544255005452e+02 0.000000000000000000e+00
2.019114486053980376e-02 3.486925384749193006e-19 -1.417455411426112644e+00 2.184413216272948599e+00 2.222206141861835516e+00 2.340689513210598705e+00 3.943985562301938330e+01 2.849316933492486825e+00 1.072683890592731615e+02 8.273354231863693301e-03 1.071690104135694668e+02 8.569986374546903832e-03 1.114262693799260404e+02 0.000000000000000000e+00
2.121133600540040312e-02 3.486925384749193006e-19 -1.326860977339595404e+00 2.475141841105066298e+00 -4.832196843511286311e+00 2.618178693357800846e+00 4.021129840594082339e+01 2.240802021030634528e+00 1.070813345678317887e+02 8.342247976592090733e-03 1.071807001643416868e+02 9.063603544818313665e-03 1.115376956493059453e+02 2.856489275186538911e-15
2.223254734140570413e-02 3.486925384749193006e-19 -1.258162483941436038e+00 2.583233196839295420e+00 3.204069446655205322e+00 2.391977745393093713e+00 4.130089437317971601e+01 2.347345812230789974e+00 1.070692990354793750e+02 8.042074890791155867e-03 1.071134498090738987e+02 7.907653481954860300e-03 1.116492333449552632e+02 1.428244637593269455e-15
2.325477988874718668e-02 1.394770153899677203e-18 1.790041832065306870e+00 2.374574313644073342e+00 -2.806832957591729460e+00 2.714572093383879281e+00 4.640430468877405445e+01 2.566125862940891178e+00 1.070204777293992322e+02 8.692884129864481696e-03 1.070954566198840610e+02 8.012124317699900050e-03 1.117608825783002402e+02 0.000000000000000000e+00
2.427803466863589360e-02 6.973850769498386013e-19 2.031518871079957655e+00 2.327496268486787034e+00 3.298564038485876537e+00 1.990163531401280439e+00 5.238407054911675687e+01 2.699840103623974308e+00 1.070380656186511459e+02 7.680332534350995527e-03 1.069868430585003978e+02 8.676449703479629724e-03 1.118726434608785354e+02 0.000000000000000000e+00
2.530231270330458859e-02 1.046077615424757902e-18 -7.355066226832999154e-01 2.273816947097455188e+00 3.507780720403252506e+00 2.032243981364166174e+00 4.879180953363990625e+01 2.586423347557436525e+00 1.070213558398574776e+02 7.805122633018770489e-03 1.069026867734635715e+02 7.073831844033100398e-03 1.119845161043394199e+02 0.000000000000000000e+00
2.632761501600790199e-02 3.486925384749193006e-19 -8.697898114126455527e-01 2.164811254630158999e+00 8.763474045150141389e-01 2.357885894159949203e+00 4.949071995464314000e+01 2.498570789240578627e+00 1.069593184767169447e+02 8.325764540301114000e-03 1.068747176160774757e+02 8.484160559642116642e-03 1.120965006204437913e+02 2.856489275186538911e-15
2.735394263102390935e-02 1.046077615424757902e-18 -1.790415841507828065e-02 2.848044121915739968e+00 -1.584621826713611181e+00 2.467421961694468813e+00 5.033212771255347207e+01 2.420615171192543880e+00 1.069011930802277845e+02 7.456670380259737205e-03 1.067816782485520548e+02 7.483370363033477884e-03 1.122085971210642157e+02 1.428244637593269455e-15
2.838129657365500574e-02 6.973850769498386013e-19 5.513489419006736281e-01 2.324159792741392838e+00 1.125676448529809637e+00 2.462080832196587910e+00 5.528703675781478211e+01 2.553978258372747501e+00 1.068947813139914729e+02 8.504700704369171083e-03 1.066737594526357640e+02 8.321494209414411619e-03 1.123208057181852695e+02 0.000000000000000000e+00
2.940967787022859964e-02 0.000000000000000000e+00 3.617799362473222313e+00 2.274985909651193516e+00 6.975239373934499554e+00 2.164821136814310432e+00 5.589441932681759795e+01 2.452927802995621409e+00 1.069361491224831155e+02 9.083547331646410830e-03 1.065933426412902350e+02 8.284248182273220087e-03 1.124331265239034252e+02 2.856489275186538911e-15
3.043908754809880601e-02 6.973850769498386013e-19 -2.223507292038374494e+00 2.352982475988804723e+00 1.365314535377378125e+00 2.339388764601198822e+00 6.113089232206834822e+01 2.256240545303576983e+00 1.067894164066825056e+02 8.328478334788983264e-03 1.065917552479263577e+02 7.974218006929073566e-03 1.125455596504273359e+02 1.428244637593269455e-15
3.146952663564690778e-02 6.973850769498386013e-19 1.192283445848606183e-01 2.599285055932789579e+00 5.112237638551140329e-01 2.203788810982092006e+00 5.826854610408022950e+01 2.591479646233629808e+00 1.067412731966730348e+02 7.847980982461626870e-03 1.065717873961432929e+02 8.612112485089603794e-03 1.126581052100777498e+02 2.856489275186538911e-15
3.278794707541848874e-02 1.394770153899677203e-18 -3.376974642788233005e+00 2.132728296968828374e+00 -3.423565294431762496e+00 2.455741121051521425e+00 6.025908257270237556e+01 2.684189665697561011e+00 1.066865342236214786e+02 8.224859115839904672e-03 1.065307132618576560e+02 8.845297040533987853e-03 1.127707633152878373e+02 1.428244637593269455e-15
3.382073502249399732e-02 0.000000000000000000e+00 -4.096592450736328495e+00 2.460431801891330483e+00 -5.701673303059379805e+00 2.124661819728822731e+00 6.029009525601368580e+01 2.562826460208440071e+00 1.066767817870794772e+02 9.631368543963176113e-03 1.064486697957294439e+02 9.461022026312155067e-03 1.128835340786031338e+02 1.428244637593269455e-15
3.485455575751651019e-02 6.973850769498386013e-19 1.103594370042494166e+00 2.416682700473033130e+00 3.096048895900228359e+00 2.577070978570460191e+00 6.246548573277554794e+01 2.736001026683789750e+00 1.064466791303753439e+02 6.900375802209544711e-03 1.065580129488110828e+02 7.612448696754742401e-03 1.129964176126817677e+02 1.428244637593269455e-15
3.588941031327399361e-02 6.973850769498386013e-19 -1.951431864347573431e+00 2.319846471823475031e+00 -3.985502180801899108e+00 2.538758859816109492e+00 6.529108328509251180e+01 2.425961526234027055e+00 1.065137221976038973e+02 6.490112119244236151e-03 1.063975486524681173e+02 7.444156070486930045e-03 1.131094140302943742e+02 5.712978550373077822e-15
3.692529972358739310e-02 6.973850769498386013e-19 3.038865116071727268e+00 2.389864432417006856e+00 4.661432631020282713e+00 2.693375133506128005e+00 7.225484023730739125e+01 2.750957711961484087e+00 1.064796234634845291e+02 7.712575331807027326e-03 1.063497704905373382e+02 7.893750184322950725e-03 1.132225234443247075e+02 2.856489275186538911e-15
3.796222502331109139e-02 6.973850769498386013e-19 -1.708238182837508834e+00 2.292821566978873182e+00 -7.102400822931990154e-01 2.260363088247097973e+00 6.850965449791664241e+01 2.611919121388660336e+00 1.064459151715677336e+02 8.284878918007932552e-03 1.063025562162980293e+02 8.598836500769908506e-03 1.133357459677690287e+02 4.284733912779808366e-15
3.900018724833431011e-02 6.973850769498386013e-19 -2.232321067837196971e+00 2.266085200530992161e+00 -1.727060186060419111e+00 2.406922416142410537e+00 7.396734472868907062e+01 2.864992734031459154e+00 1.063434998200596198e+02 7.442959699754827727e-03 1.063205336332725324e+02 7.286789365024570579e-03 1.134490817137368737e+02 4.284733912779808366e-15
4.003918743558249060e-02 6.973850769498386013e-19 3.593526006437647968e+00 2.422776796456663551e+00 2.602168176572124736e+00 2.424223227964252381e+00 7.539645291464894683e+01 2.403421139680031349e+00 1.062728622769574969e+02 7.772989316511387525e-03 1.063515176120945966e+02 8.387464607021785992e-03 1.135625307954505701e+02 1.428244637593269455e-15
4.107922662301820987e-02 6.973850769498386013e-19 1.197342137767699599e-01 2.630663475426334941e+00 -1.023107086057347237e+00 2.425577173413933973e+00 7.561774619439088951e+01 2.644532233521248443e+00 1.062417296847883819e+02 8.052318269405020143e-03 1.062467036403819094e+02 8.897693714258199382e-03 1.136760933262460469e+02 2.856489275186538911e-15
4.212030584964110425e-02 6.973850769498386013e-19 2.095158906397924348e+00 2.508971545094214051e+00 -1.248224176249382644e+00 2.252180174033245663e+00 7.764904237029521994e+01 2.863149932950471488e+00 1.062508947233838654e+02 8.516670327449500297e-03 1.062109517558969003e+02 8.712771163192578605e-03 1.137897694195722522e+02 0.000000000000000000e+00
4.316242615549091555e-02 1.394770153899677203e-18 2.400852063608261311e+00 2.243824483701148953e+00 5.317967539560816803e+00 2.362728925610392938e+00 8.069255815831311907e+01 2.619331015125860418e+00 1.061822887402081506e+02 8.095063540435340141e-03 1.061930213422598399e+02 8.601785461283479109e-03 1.139035591889918635e+02 2.856489275186538911e-15
4.420558858164640170e-02 0.000000000000000000e+00 2.323595480439952343e+00 2.228910909333088775e+00 8.782260700155614108e-02 2.372077285249595935e+00 7.950445323644420625e+01 2.436566821742975009e+00 1.061056049129135630e+02 9.326750837693112764e-03 1.061546769475854290e+02 8.533341152154811163e-03 1.140174627481808471e+02 1.428244637593269455e-15
4.524979417022801514e-02 1.394770153899677203e-18 1.999635422415102060e+00 2.258523295317350410e+00 2.169408562110343830e+00 2.336755764853757800e+00 8.426903823907345270e+01 2.233770707517251708e+00 1.060729500859222441e+02 7.552960807876690080e-03 1.061072923576195848e+02 7.466407591712606422e-03 1.141314802109289985e+02 1.428244637593269455e-15
4.629504396439829833e-02 0.000000000000000000e+00 -1.977805541819231516e+00 2.690173302083923801e+00 -1.020782720647953168e+00 2.735902487839791952e+00 8.225453695064679493e+01 2.713338798741144586e+00 1.059259798164822683e+02 7.738067381242057403e-03 1.061464844558790759e+02 7.909256465537296138e-03 1.142456116911399278e+02 1.428244637593269455e-15
4.734133900836260539e-02 6.973850769498386013e-19 1.807541175040410897e+00 2.496635852410396428e+00 -2.886542953257692279e+00 2.726218034192610773e+00 7.858451004305929644e+01 2.779399977194481064e+00 1.059299896384201389e+02 8.815591337688043552e-03 1.060061545848257651e+02 7.506370423096972444e-03 1.143598573028310739e+02 0.000000000000000000e+00
4.838868034737111440e-02 1.394770153899677203e-18 8.015569037503538219e-01 2.325092333497761121e+00 -2.301191000276197607e-01 2.604112385469572910e+00 8.226987083488069175e+01 2.139378917324717744e+00 1.058937940103723605e+02 8.059917834389022928e-03 1.059471127870332765e+02 8.659867457242814703e-03 1.144742171601339180e+02 0.000000000000000000e+00
4.943706902771827921e-02 2.092155230849515804e-18 1.612496256858992227e+00 2.567043134855766517e+00 -2.377783278479994156e+00 2.640890076025213418e+00 8.926562837555569274e+01 3.048344188327731796e+00 1.059117613412643522e+02 8.541283623635965994e-03 1.058764668273076524e+02 8.733513192004032505e-03 1.145886913772940403e+02 0.000000000000000000e+00
5.048650609674600054e-02 0.000000000000000000e+00 2.418193555525914029e-01 2.342474715140533625e+00 3.624702069690111106e-01 2.253759568192315932e+00 8.543855088059360980e+01 2.339146240939442567e+00 1.058653275184133662e+02 7.703398150026284988e-03 1.058508449669883476e+02 7.492624977857728630e-03 1.147032800686713614e+02 2.856489275186538911e-15
5.153699260284291817e-02 2.092155230849515804e-18 -8.680514778246493091e-01 2.448976354982867143e+00 -1.640292503408914193e+00 2.539161789932327551e+00 8.801491834143915582e+01 2.302760673525439561e+00 1.058404115283900637e+02 7.790379243746043368e-03 1.057634816655188956e+02 7.585954854601188214e-03 1.148179833487399577e+02 5.712978550373077822e-15
