# s std pxx pxx_std pyy pyy_std pzz pzz_std lx lx_std ly ly_std lz lz_std
1.179208943645470091e-15 0.000000000000000000e+00 5.456699651310047194e+00 2.395806928914267608e+00 3.165203045083719857e+00 2.221226175556779925e+00 1.514838750913754195e+00 2.447952391020398188e+00 1.080761865934135244e+02 9.068711966246251546e-03 1.084605854849000934e+02 2.856489275186538911e-15 1.092668549693212867e+02 8.740665503684583518e-03
1.000000000001229940e-03 0.000000000000000000e+00 -4.635237777733398623e-01 2.221456696549447329e+00 7.754897394073091199e+00 2.672877044286405379e+00 1.507214416326896789e+00 2.370270383241730006e+00 1.079921647084778158e+02 8.101107211353443180e-03 1.085690460703850135e+02 1.428244637593269455e-15 1.092208217653446383e+02 8.766416430613904742e-03
2.001000000001240935e-03 8.717313461872982516e-20 4.044659105198352561e-02 2.647213171784798202e+00 8.747200182049267525e+00 2.536190102208497610e+00 -3.272459645116199134e-01 2.774466866355237205e+00 1.079130352825736878e+02 8.541303417673168710e-03 1.086776151164554420e+02 2.856489275186538911e-15 1.091961244183332411e+02 1.035734078706324404e-02
3.003001000001179546e-03 4.358656730936491258e-20 2.192562693961413317e-02 2.636059118865131001e+00 1.229199048085091661e+01 2.481895699751196727e+00 3.018779173539928085e+00 2.240826204232766017e+00 1.076932523779631197e+02 9.277080800264675756e-03 1.087862927315719048e+02 4.284733912779808366e-15 1.092989266625812377e+02 9.280155379874529403e-03
4.006004001001119835e-03 0.000000000000000000e+00 1.451055569026813652e+00 2.371219785945318570e+00 6.917591495607405605e+00 2.359032838657954212e+00 -4.472351537211503469e+00 2.412330259848749492e+00 1.077622896559465175e+02 7.551808903081827333e-03 1.088950790243034277e+02 0.000000000000000000e+00 1.090990394478696146e+02 8.239827651044114368e-03
5.010010005002159782e-03 0.000000000000000000e+00 2.018927512016937431e+00 2.324787046024577641e+00 9.650943190225415691e+00 2.494182883956817420e+00 1.892367198362683300e+00 2.443084815801389365e+00 1.076778703389589396e+02 8.949903830579109335e-03 1.090039741033277068e+02 2.856489275186538911e-15 1.090687703697998643e+02 8.857253279288122838e-03
6.015020015007191065e-03 8.717313461872982516e-20 -1.266277063958165083e+00 2.541902720043105468e+00 1.624173939714612303e+01 2.334821944877250033e+00 7.262300226051570107e-01 2.418211502029621762e+00 1.075728937574437509e+02 8.788870441904916148e-03 1.091129780774310944e+02 2.856489275186538911e-15 1.090507282369860036e+02 8.493718014457590434e-03
7.021035035022219623e-03 0.000000000000000000e+00 2.934670149721654742e+00 2.628901177389313393e+00 2.210384048047911065e+01 2.449885866733860329e+00 1.292079206994000140e+00 2.806204113947121659e+00 1.075178222576261220e+02 9.059958597368798425e-03 1.092220910555084998e+02 0.000000000000000000e+00 1.089594281615498232e+02 1.021442720931146735e-02
8.028056070057174032e-03 3.486925384749193006e-19 -5.304782753815064034e+00 2.638120565724857425e+00 1.438101715907312439e+01 2.655600632748568835e+00 -6.537045260915751443e-01 2.431249495334215194e+00 1.073898063031543302e+02 8.342329831815905108e-03 1.093313131465639856e+02 1.428244637593269455e-15 1.089409929140385600e+02 8.809099076070988840e-03
9.036084126127136296e-03 3.486925384749193006e-19 5.662157051494086657e-01 2.559255461845958646e+00 2.067923575648340773e+01 2.522348445693782804e+00 -2.751467198776637257e+00 2.619881081703532733e+00 1.074014565755860104e+02 7.695206512231802555e-03 1.094406444597105263e+02 2.856489275186538911e-15 1.088460756772783355e+02 7.957238436296002956e-03
1.004512021025340263e-02 3.486925384749193006e-19 -7.964234916003938292e-01 2.514051583969634684e+00 2.273463429836848348e+01 2.627750565530147853e+00 2.970984649741263972e+00 2.500129549895281134e+00 1.073850539359722660e+02 8.430723209976799179e-03 1.095500851041702788e+02 0.000000000000000000e+00 1.087566606008467005e+02 9.120687528261877536e-03
1.105516533046360141e-02 1.743462692374596503e-19 -7.011959634603287306e+00 2.556842713701789283e+00 2.137969240466718901e+01 2.447040293712438253e+00 -7.827154693752351733e+00 2.369729379425774773e+00 1.073509538263304961e+02 7.628256545365919017e-03 1.096596351892744678e+02 2.856489275186538911e-15 1.086735544566240605e+02 7.582951994098243061e-03
1.206622049579400210e-02 1.743462692374596503e-19 3.334722874152969752e+00 2.758575058883648623e+00 3.172177201624434062e+01 2.556982850160823162e+00 6.239279681311780124e+00 2.673107549900512581e+00 1.072488010013380091e+02 7.844903020013343706e-03 1.097692948244637279e+02 1.428244637593269455e-15 1.086899945946135944e+02 8.486795749813185602e-03
1.307828671628979804e-02 1.743462692374596503e-19 3.386038593306951450e-01 2.374611558113587151e+00 2.805196753276764809e+01 2.391312583219188159e+00 -4.205695165680088721e+00 2.303506918818126525e+00 1.073036619967353573e+02 8.347204841567985867e-03 1.098790641192881736e+02 0.000000000000000000e+00 1.085488348560075451e+02 7.899669000549596615e-03
1.409136500300619578e-02 3.486925384749193006e-19 1.224516146181262866e-01 2.492302194263817050e+00 3.241385074596154681e+01 2.222377855669336100e+00 -1.616950120896125886e+00 2.767804157239733609e+00 1.073061803772534262e+02 8.212550191282457640e-03 1.099889431834074571e+02 1.428244637593269455e-15 1.084693149585204566e+02 9.558836380335493377e-03
1.510545636800920272e-02 3.486925384749193006e-19 5.021165876705118158e-01 2.098114201164678505e+00 3.399835518532975698e+01 2.510508683770337424e+00 -1.286555068270022639e+00 2.387618925255865943e+00 1.071537256156449018e+02 8.182212816613649436e-03 1.100989321265908956e+02 1.428244637593269455e-15 1.085125974204974284e+02 7.738821647568802295e-03
1.612056182437720045e-02 0.000000000000000000e+00 -1.725975455961715310e+00 2.338403708759826394e+00 3.762614486973740924e+01 2.425013100908166574e+00 -1.445305092805343250e+00 2.557835941841333671e+00 1.070764863678322030e+02 8.122210949071553485e-03 1.102090310587174997e+02 2.856489275186538911e-15 1.084948718830912924e+02 9.078798189246657310e-03
1.713668238620159531e-02 3.486925384749193006e-19 -1.539452659540323731e+00 2.850940644228487475e+00 4.114912757763273277e+01 2.536275983743600637e+00 2.039481807483829456e+00 2.460946937395594780e+00 1.070655537623275819e+02 8.099299565946989701e-03 1.103192400897762155e+02 2.856489275186538911e-15 1.083983792321352695e+02 7.977746283297431490e-03
1.815381906858779329e-02 6.973850769498386013e-19 -5.266944578188606840e+00 2.740608588482723373e+00 4.233720730278911049e+01 2.607843940223645074e+00 -3.893418270788447266e+00 2.675662627911510327e+00 1.070080259418806179e+02 8.969513018195049772e-03 1.104295593298659668e+02 0.000000000000000000e+00 1.083715417294733783e+02 9.024204441056473541e-03
1.917197288765640217e-02 3.486925384749193006e-19 3.427046997103556869e+00 2.700235456563756742e+00 4.404661039092570007e+01 2.395066706633112830e+00 7.538802267012436609e-01 2.261468742325430714e+00 1.069555533603223552e+02 7.785737521471953332e-03 1.105399888891958113e+02 2.856489275186538911e-15 1.083240689667843242e+02 6.673802945305500056e-03
2.019114486054410240e-02 3.486925384749193006e-19 -2.931369379709498624e+00 2.569977318798972288e+00 4.656237698712198636e+01 2.301677884757761028e+00 -3.058667856457828460e-01 2.060526355871882931e+00 1.068943947943063790e+02 8.018193620953016285e-03 1.106505288780850265e+02 1.428244637593269455e-15 1.082898485591235698e+02 7.704086057366919121e-03
2.121133600540468789e-02 1.046077615424757902e-18 -1.975034648808772220e+00 2.246010866323556066e+00 4.816204192022786401e+01 2.604969936717373979e+00 9.326861748736325897e-02 2.474422946550057567e+00 1.068753320345472417e+02 8.086503896384973286e-03 1.107611794069631230e+02 0.000000000000000000e+00 1.081453901942750662e+02 7.642184053167227348e-03
2.223254734141011033e-02 1.046077615424757902e-18 -6.877510395340297178e-01 2.517325667648508958e+00 4.915847466906308227e+01 2.681243455030385636e+00 1.691842575124792081e+00 2.806064168465083331e+00 1.068879662377715363e+02 8.063464122485411792e-03 1.108719405863700871e+02 0.000000000000000000e+00 1.080303685274042209e+02 8.301232326368148187e-03
2.325477988875140553e-02 6.973850769498386013e-19 3.213457554900601476e+00 2.433566518580883020e+00 4.980038686311423390e+01 2.441398382022485603e+00 6.290685230590161936e+00 2.257544688514126818e+00 1.068193537499703467e+02 7.909736006650198298e-03 1.109828125269564225e+02 2.856489275186538911e-15 1.080269490520158797e+02 7.350491802423848517e-03
2.427803466864029980e-02 0.000000000000000000e+00 1.477580880917054973e+00 2.556884757886635384e+00 5.473223507308092195e+01 2.635180912882008730e+00 -3.484190522945465940e+00 2.165801626245734468e+00 1.068625176662476548e+02 7.387891333320829000e-03 1.110937953394834636e+02 4.284733912779808366e-15 1.078953158462804964e+02 8.446977744108127156e-03
2.530231270330900867e-02 6.973850769498386013e-19 -1.524281283283517308e+00 2.573986582508225762e+00 5.327711619446573366e+01 2.642342865792239870e+00 -1.463988250078521181e-01 2.544119321828753222e+00 1.068016620530734855e+02 8.351103950523776354e-03 1.112048891348228778e+02 2.856489275186538911e-15 1.078725319266743981e+02 9.237919934609654243e-03
2.632761501601229431e-02 6.973850769498386013e-19 -8.604561172997965413e-01 2.453376376826171601e+00 5.932481883681465717e+01 2.845424023885367415e+00 5.839607201149101812e+00 2.338295187754888982e+00 1.067048003711075239e+02 7.904597205283244582e-03 1.113160940239577172e+02 1.428244637593269455e-15 1.078914978576269164e+02 8.232256413326336994e-03
2.735394263102819412e-02 6.973850769498386013e-19 -1.776914924850549138e+00 2.396663727993857851e+00 5.966323595520997713e+01 2.216155129642118915e+00 3.399068972807140376e+00 2.375956621447058659e+00 1.066359164346187640e+02 7.880328722549545181e-03 1.114274101179816938e+02 1.428244637593269455e-15 1.078545178002091234e+02 9.157500898691998265e-03
2.838129657365929745e-02 3.486925384749193006e-19 2.969089019386031314e+00 2.408631078822804028e+00 6.233105349359662739e+01 2.286462460187002943e+00 -1.810099514024315681e+00 2.652583109314831766e+00 1.065622305687468412e+02 9.718949989856735805e-03 1.115388375280996911e+02 2.856489275186538911e-15 1.078997764956104533e+02 9.850347766048607109e-03
2.940967787023279420e-02 6.938893903907228763e-19 -1.277637446007917621e+00 2.365261401485462045e+00 6.093863457838387632e+01 2.279080333780419743e+00 -7.684789041709657598e-01 2.560742587858064745e+00 1.065840400438988382e+02 8.292553339948393470e-03 1.116503763656277357e+02 1.421085471520200451e-15 1.077915121769132298e+02 9.327096978399632143e-03
3.043908754810310813e-02 6.973850769498386013e-19 4.765549874317542844e+00 2.346616601020850457e+00 6.456869915123012049e+01 2.441655769846345692e+00 -8.070151804390058858e-01 2.295665419491245807e+00 1.065342604132927562e+02 9.218002158047591821e-03 1.117620267419933811e+02 0.000000000000000000e+00 1.077330552008762936e+02 9.151319796720474090e-03
3.146952663565110581e-02 6.973850769498386013e-19 -2.737752607922296910e+00 2.526564692591048544e+00 6.506275005966048752e+01 2.170830473027210328e+00 1.451579614276764074e+00 2.758263599400885280e+00 1.064128585736349493e+02 8.418831771897554439e-03 1.118737887687353236e+02 4.284733912779808366e-15 1.077135096430683916e+02 8.829170771533867076e-03
3.250099616228679239e-02 6.973850769498386013e-19 2.044275481764818991e+00 2.169949303904141313e+00 6.871794714045041985e+01 2.720257008870802018e+00 1.537404346930787202e+00 2.394071546788457905e+00 1.063748811652738908e+02 8.022364994313335371e-03 1.119856625575041704e+02 5.712978550373077822e-15 1.076814459425558681e+02 8.897003920550377795e-03
3.353349715844909651e-02 6.973850769498386013e-19 1.003863535706669641e+00 2.353407136748444373e+00 7.488576976030238086e+01 2.472405794803349988e+00 6.162126287372334810e-01 2.554032912864950156e+00 1.063284388227522470e+02 8.311447581935811624e-03 1.120976482200616431e+02 2.856489275186538911e-15 1.076387184047915468e+02 8.575898145727864005e-03
3.456703065560769866e-02 0.000000000000000000e+00 6.496606726394799081e-02 2.342163001501421871e+00 7.229689352988636131e+01 2.278373336424046602e+00 6.277012918534342900e-02 2.490658626116612151e+00 1.062737301651556550e+02 8.333515982948689130e-03 1.122097458682817290e+02 4.284733912779808366e-15 1.076343940351550970e+02 9.648297243326883071e-03
3.560159768626330878e-02 6.973850769498386013e-19 1.831950736181331862e+00 2.409981391970252851e+00 7.126534024011370150e+01 2.316082710695186453e+00 -2.382220560070841930e+00 2.606551659170787794e+00 1.061471514313992657e+02 8.478447858289628672e-03 1.123219556141499993e+02 2.856489275186538911e-15 1.076479163095868330e+02 7.499691684074299980e-03
3.663719928394949116e-02 6.973850769498386013e-19 -6.307568931763913866e-01 2.450236807357047297e+00 6.971417337003262560e+01 2.458417422406511399e+00 -1.185368231343957524e+00 2.337146285324636974e+00 1.062022122556756472e+02 8.213153550453796206e-03 1.124342775697641486e+02 2.856489275186538911e-15 1.075412071473625701e+02 6.698560191367660538e-03
3.767383648323359424e-02 6.973850769498386013e-19 -1.408733453866752861e+00 2.510681011561451292e+00 7.921834812762325839e+01 2.360199751654932676e+00 1.488276673734021394e+00 2.350651918356622794e+00 1.061504507624905074e+02 8.464900764811498016e-03 1.125467118473338815e+02 1.428244637593269455e-15 1.074860020517943724e+02 8.182093577956290123e-03
3.871151031971681311e-02 1.394770153899677203e-18 3.240148008407167435e+00 2.263992156583344961e+00 7.975629258833163249e+01 2.476549873052757089e+00 1.704037113681424964e+00 2.391600033270406822e+00 1.061095140430195727e+02 8.025455164331375679e-03 1.126592585591811826e+02 4.284733912779808366e-15 1.074292968318622314e+02 8.321192583003778759e-03
3.975022183003650011e-02 0.000000000000000000e+00 2.198587760547457692e-01 2.491291015270395093e+00 7.512965590450744457e+01 2.314543242176691162e+00 1.904237813213275343e-01 2.443795469062343351e+00 1.060784470439097618e+02 8.224559832704382220e-03 1.127719178177404160e+02 1.428244637593269455e-15 1.073050978803428563e+02 9.776451414106298102e-03
4.078997205186661590e-02 1.394770153899677203e-18 -9.525171069174240834e-01 2.500115944159497339e+00 7.808064294360116264e+01 2.312497010052549040e+00 1.669033169503071568e+00 2.260539873452503290e+00 1.059377955022969644e+02 8.375994437389991734e-03 1.128846897355581547e+02 0.000000000000000000e+00 1.072922689922827004e+02 8.878047348720980933e-03
4.183076202391840942e-02 6.973850769498386013e-19 -5.672355503662572573e+00 2.414523395240771642e+00 7.856681956103449238e+01 2.613649367768067222e+00 -3.580193491258805705e-01 2.675852790085350374e+00 1.058832640892618286e+02 9.162283235642892584e-03 1.129975744252937204e+02 1.428244637593269455e-15 1.072820739753449146e+02 7.385889147248052809e-03
4.287259278594229145e-02 6.973850769498386013e-19 9.833023876381129513e-01 2.664737305640606735e+00 8.600666934401209573e+01 2.511676869717643701e+00 -2.875999355278929137e+00 2.575806238712937013e+00 1.058664811925048923e+02 9.029497388550812229e-03 1.131105719997190135e+02 1.428244637593269455e-15 1.072271910605273320e+02 8.372949283759908989e-03
4.391546537872831335e-02 1.394770153899677203e-18 -4.391540542097996713e+00 2.734408079775377143e+00 8.373053048117084529e+01 2.519384757969439281e+00 5.689503360286274347e-01 2.402533833107753924e+00 1.058373485588788014e+02 7.871769712144345912e-03 1.132236825717187401e+02 1.428244637593269455e-15 1.071785626588255269e+02 7.593407613341014196e-03
4.495938084410699281e-02 6.973850769498386013e-19 -1.559731690728464182e+00 2.579525992459385186e+00 8.555141500413630240e+01 2.603887754821754275e+00 -1.289551030301301138e+00 2.419266207692187365e+00 1.057375269327366851e+02 8.009731571637429201e-03 1.133369062542903833e+02 5.712978550373077822e-15 1.071815104327359620e+02 8.895723316675341677e-03
4.600434022495110409e-02 6.973850769498386013e-19 -1.535739962791882851e+00 2.534263795341827219e+00 8.367078037982523142e+01 2.515385851644718951e+00 -3.090608740417892353e+00 2.232309862267618072e+00 1.056079564390204695e+02 8.958921190888915684e-03 1.134502431605447299e+02 0.000000000000000000e+00 1.072153264469295522e+02 9.353937568963058627e-03
4.705034456517610125e-02 0.000000000000000000e+00 -3.823521897905020062e-01 2.336649371926258656e+00 8.475366606079396092e+01 2.371416326288177334e+00 -2.045419473484219708e+00 2.311915760311543000e+00 1.055992479083471949e+02 7.654502546327482913e-03 1.135636934037052583e+02 1.428244637593269455e-15 1.071473567138844345e+02 7.419953851854049938e-03
4.809739490974121456e-02 1.394770153899677203e-18 -2.213198743719129447e-01 2.562249521726341683e+00 8.441173924683309338e+01 2.348259045606455597e+00 -1.951341731042826710e+00 2.286844452333828048e+00 1.055867299787594362e+02 7.516633445517571614e-03 1.136772570971090346e+02 5.712978550373077822e-15 1.070632623265934313e+02 8.020014635729565133e-03
4.914549230465112273e-02 2.092155230849515804e-18 -6.932322248527401642e-01 2.478534347904314927e+00 8.327617929479845316e+01 2.547690084494565799e+00 1.410433345120052806e+00 2.351212285178919448e+00 1.054502014847663105e+02 8.215563000816203387e-03 1.137909343542061151e+02 1.428244637593269455e-15 1.071131904000851165e+02 8.438033935447706441e-03
5.019463779695570310e-02 0.000000000000000000e+00 -2.103435551872984366e+00 2.658128202913547788e+00 8.192933979249426102e+01 2.298272305385243630e+00 3.557255184993088459e+00 2.231024511721872994e+00 1.054204325593068461e+02 8.701653121778831976e-03 1.139047252885603143e+02 1.428244637593269455e-15 1.070426252568143326e+02 8.583441968671213368e-03
5.124483243475271704e-02 1.394770153899677203e-18 1.565905771364711763e-01 2.423732497002814235e+00 9.001533527431340076e+01 2.512729244727827993e+00 4.636496220156386960e-01 2.518716760041333824e+00 1.052993203389448524e+02 9.037443409193452598e-03 1.140186300138488633e+02 0.000000000000000000e+00 1.070572530683809447e+02 9.051243331177552878e-03
