# s std pxx pxx_std pyy pyy_std pzz pzz_std lx lx_std ly ly_std lz lz_std
-3.945472015436829583e-15 7.928350407267300867e-32 -3.105228491148503522e+00 2.369977041287663955e+00 -1.981431336966909651e+00 2.304924630408696551e+00 1.384346926344844242e+00 2.712598927303971230e+00 1.080544076318475675e+02 0.000000000000000000e+00 1.084114875340511048e+02 9.441782052313706444e-03 1.092720211748546717e+02 1.024223008157036478e-02
9.999999999961157581e-04 2.179328365468245629e-20 -6.713851520816858098e-01 2.879533495051299408e+00 -1.844630476704206545e+00 2.578632061647258222e+00 2.984852111065032787e+00 2.827844958492568228e+00 1.081624620394794363e+02 1.428244637593269455e-15 1.083388316841164851e+02 7.662246043777359503e-03 1.092670505376428025e+02 8.047176127355705477e-03
2.000999999996060617e-03 4.358656730936491258e-20 3.627014846548640481e+00 2.592143357241995183e+00 -6.149451095459639305e-01 2.130369383685643658e+00 -1.423510546161606438e+00 2.324913153711635427e+00 1.082706245015189097e+02 1.428244637593269455e-15 1.082715057534698246e+02 8.758867652499943007e-03 1.091644883727877158e+02 9.222218558184638176e-03
3.003000999996139307e-03 8.717313461872982516e-20 5.253320617949237992e+00 2.360701303162525910e+00 3.104258504449647571e+00 2.528507284381989351e+00 3.540412600311467539e+00 2.318489399303434340e+00 1.083788951260204385e+02 1.428244637593269455e-15 1.081748971418850829e+02 9.037299337791846951e-03 1.091594675046573997e+02 8.839655019120862961e-03
4.006004000996031024e-03 8.717313461872982516e-20 9.571129003688218617e+00 2.620063496815761894e+00 -1.229981973866376199e+00 2.463142062099030749e+00 1.482086764982042615e+00 1.975374629126609438e+00 1.084872740211464475e+02 1.428244637593269455e-15 1.080546859993434623e+02 8.839677089563029513e-03 1.091478303104935748e+02 9.240318885463696258e-03
5.010010004997011122e-03 8.717313461872982516e-20 9.477646363863017953e+00 2.778601078152758141e+00 -4.410495864827806423e-01 2.680536113191323455e+00 -2.083363334550495161e+00 2.454961039059682548e+00 1.085957612951676197e+02 4.284733912779808366e-15 1.080947803903004569e+02 9.123209792362356463e-03 1.090046547107824324e+02 9.106952422254774304e-03
6.015020015001960874e-03 8.717313461872982516e-20 1.270104913317853956e+01 2.431598921946065417e+00 -4.270327486175024667e+00 2.170101079719749304e+00 3.367159824077190500e-01 2.590836515357545444e+00 1.087043570564626833e+02 5.712978550373077822e-15 1.080140700118231507e+02 7.615350435030498501e-03 1.089817777730694957e+02 7.414008003342615824e-03
7.021035035017012850e-03 2.615194038561894755e-19 1.318743751665417818e+01 2.610842979266259078e+00 1.266357774752422838e+00 2.556625741849079425e+00 -1.267664351405403400e-01 2.413958439946332302e+00 1.088130614135191649e+02 4.284733912779808366e-15 1.079551644426916965e+02 8.835503147793360643e-03 1.089335686181971568e+02 7.885640323481005187e-03
8.028056070051982004e-03 1.743462692374596503e-19 1.748278491043355487e+01 2.580048136301412942e+00 -2.218453717975883421e+00 2.367326960632715416e+00 7.081325445615103131e-01 2.631115087349881865e+00 1.089218744749327072e+02 1.428244637593269455e-15 1.079344010658726063e+02 7.873607448464201020e-03 1.088280492463102149e+02 9.120054493919808533e-03
9.036084126121999779e-03 0.000000000000000000e+00 2.434645760586041874e+01 2.856731907562074291e+00 -1.033506430564054668e+00 2.475944056623762268e+00 -1.459870286063409406e+00 2.269882990544373591e+00 1.090307963494076233e+02 2.856489275186538911e-15 1.078313182578522031e+02 8.518722612746177855e-03 1.087918347739725533e+02 8.468766107801603549e-03
1.004512021024820019e-02 0.000000000000000000e+00 2.458481346227367936e+01 2.421123391331586383e+00 1.468365933996015782e+00 2.423518944678118459e+00 -9.975345373083013278e-01 2.448941227298243817e+00 1.091398271457570388e+02 2.856489275186538911e-15 1.078005088060255758e+02 8.443237761879711367e-03 1.087239150453953158e+02 8.544095551979352665e-03
1.105516533045840244e-02 1.743462692374596503e-19 2.839757687346166648e+01 2.887416417893096110e+00 1.828264805993317643e-01 2.531049225727688867e+00 -2.595922498802104794e+00 2.514977734871847836e+00 1.092489669729027781e+02 4.284733912779808366e-15 1.078658173493571866e+02 7.918139281896954818e-03 1.085888897151979791e+02 8.451462176101270582e-03
1.206622049578880140e-02 1.743462692374596503e-19 2.870341519840705757e+01 2.420734357123950797e+00 -8.641735654242777009e-01 2.249980440694292483e+00 -7.613055031176818588e-01 2.554565612147842835e+00 1.093582159398756772e+02 4.284733912779808366e-15 1.078214101468490895e+02 9.359548006793455208e-03 1.085411248181365380e+02 9.437963780718179943e-03
1.307828671628449672e-02 3.486925384749193006e-19 3.746964972695025864e+01 2.356994559106907250e+00 2.718692329401094288e+00 2.196064773178141749e+00 -1.958591073852557596e+00 2.078404792603855356e+00 1.094675741558155408e+02 4.284733912779808366e-15 1.078615352976176496e+02 9.815819201689415102e-03 1.084304771822264257e+02 1.040612352014398320e-02
1.409136500300079732e-02 3.486925384749193006e-19 3.443657414819161033e+01 2.349039027180618078e+00 1.581905268471510917e+00 2.460479275553375533e+00 9.956566159100606050e-01 2.649889241529868045e+00 1.095770417299714126e+02 1.428244637593269455e-15 1.078709166770159982e+02 8.485263911478383922e-03 1.083711321883220080e+02 9.211148956351512471e-03
1.510545636800380079e-02 0.000000000000000000e+00 3.629962764964270860e+01 2.393551355344988085e+00 -9.360959967308452034e-01 2.258776383320330705e+00 3.156697961892701354e+00 2.886242994552102203e+00 1.096866187717013759e+02 0.000000000000000000e+00 1.077410325176847863e+02 8.409982168453258161e-03 1.083552447957992513e+02 8.243094653355651988e-03
1.612056182437170138e-02 0.000000000000000000e+00 3.410389272916564352e+01 2.433741650141442392e+00 -1.804314689530348792e+00 2.568111790622339630e+00 1.447150768729268400e+00 2.728886711428338163e+00 1.097963053904730657e+02 0.000000000000000000e+00 1.077068862737234838e+02 8.710386070587904095e-03 1.082731884028319485e+02 8.690065047407652746e-03
1.713668238619609277e-02 6.973850769498386013e-19 3.886735529912921550e+01 2.305931252247860108e+00 -8.762767987370303491e-01 2.511950283031773701e+00 -9.703340719134113668e-01 2.513433543832876538e+00 1.099061016958635690e+02 2.856489275186538911e-15 1.075261994014322084e+02 8.781213768195437336e-03 1.083418905042936018e+02 8.753781040319486006e-03
1.815381906858230115e-02 0.000000000000000000e+00 3.566529418104781257e+01 2.254006437011806252e+00 7.477398264138502837e-01 2.474015744094264502e+00 -5.560760667161424031e-01 2.514625580866306720e+00 1.100160077975594390e+02 4.284733912779808366e-15 1.075162100587254059e+02 8.758655473333779029e-03 1.082258976829627670e+02 9.284151485297939890e-03
1.917197288765079555e-02 3.486925384749193006e-19 4.500331950397710301e+01 2.340590030801838139e+00 2.765645749713018908e+00 2.334006614346132213e+00 4.719518556929405584e+00 2.275673267441155723e+00 1.101260238053569083e+02 4.284733912779808366e-15 1.075237225471453826e+02 8.105577684078027825e-03 1.081544344712328751e+02 8.458807752652669834e-03
2.019114486053849578e-02 3.486925384749193006e-19 4.718978554599369346e+01 2.902850518263478286e+00 2.550436685660837366e-01 2.372525915278681730e+00 -5.821452827668221808e+00 2.611558560137151819e+00 1.102361498291623292e+02 1.428244637593269455e-15 1.075055235471869253e+02 7.821940597192062611e-03 1.080611076216362960e+02 8.371502992048423727e-03
2.121133600539889391e-02 6.973850769498386013e-19 5.174349072895669366e+01 2.402771768191058754e+00 6.891101619858116534e-01 2.150705971491197133e+00 -1.340719123591145756e+00 2.449365739927325425e+00 1.103463859789915062e+02 4.284733912779808366e-15 1.074354631980568229e+02 9.340361414908533028e-03 1.080550032827085118e+02 9.002357544687273477e-03
2.223254734140440309e-02 3.486925384749193006e-19 5.201883375749516603e+01 2.467994128629313444e+00 -1.433207900687949676e+00 2.438289711212136002e+00 -2.476191273435492113e-01 2.506767151305289598e+00 1.104567323649704491e+02 1.428244637593269455e-15 1.075117367220403111e+02 8.582978152160705698e-03 1.078741786685637436e+02 8.869432009967570182e-03
2.325477988874579197e-02 6.973850769498386013e-19 5.309212907994035646e+01 2.460023724913487975e+00 2.269626907044332675e+00 2.834521362432674163e+00 3.399189234523014580e-01 2.706169479866827210e+00 1.105671890973354294e+02 0.000000000000000000e+00 1.074764419603113197e+02 7.379643206841805803e-03 1.077897290893468778e+02 7.859103212718432374e-03
2.427803466863449194e-02 6.973850769498386013e-19 5.764043591739127947e+01 2.121548792205886880e+00 -4.270691792699142786e-01 2.439589796433471403e+00 -2.181877623241937236e+00 2.262493087103621292e+00 1.106777562864327820e+02 1.428244637593269455e-15 1.074772322834632945e+02 8.735749674814096213e-03 1.077164312263661969e+02 8.427178828769810170e-03
2.530231270330319041e-02 1.046077615424757902e-18 5.678983397672502775e+01 2.388659236082078863e+00 -2.320182105434283937e+00 2.446290205376226545e+00 -3.185783419155027385e+00 2.544719158663346636e+00 1.107884340427192171e+02 1.428244637593269455e-15 1.074961834270414300e+02 9.989510390349296345e-03 1.076545537222805393e+02 9.934615364795187920e-03
2.632761501600649340e-02 6.973850769498386013e-19 5.548825814564147407e+01 2.226517852926363616e+00 3.645449864009366436e+00 2.443594140830673389e+00 3.483224787764347408e-01 2.544386714680598072e+00 1.108992224767619490e+02 2.856489275186538911e-15 1.073893061685516983e+02 7.511690978882808699e-03 1.076044033567905842e+02 7.172478733811563957e-03
2.735394263102259790e-02 3.486925384749193006e-19 5.469079615527736848e+01 2.462267512343968789e+00 2.815239892851808090e+00 2.541571809774672897e+00 2.569066958283455770e-01 2.319643383527143499e+00 1.110101216992386810e+02 1.428244637593269455e-15 1.073496555327812132e+02 8.596999744878425567e-03 1.075249507550120285e+02 7.769149502613738323e-03
2.838129657365360756e-02 6.973850769498386013e-19 5.836384880601653435e+01 2.256507262047524165e+00 2.807996398335046884e+00 2.482246870998690902e+00 7.907689303266630665e-01 2.396400555515429076e+00 1.111211318209379328e+02 0.000000000000000000e+00 1.072444191686592063e+02 7.363084832077542059e-03 1.074685644776086093e+02 8.465603765139311648e-03
2.940967787022729860e-02 0.000000000000000000e+00 5.871282283900931276e+01 2.247186955082519866e+00 2.209308200193725646e+00 2.011244871226919972e+00 3.625462664377938626e-01 2.416953317418168989e+00 1.112322529527589126e+02 4.284733912779808366e-15 1.071555039554274060e+02 8.259839110676439958e-03 1.075218494059617171e+02 8.604580501826582586e-03
3.043908754809749456e-02 6.973850769498386013e-19 6.019235514451148106e+01 2.463557705125432928e+00 2.099328558166421388e+00 2.403833604613924813e+00 3.760847771046604393e+00 2.509187686569427811e+00 1.113434852057116018e+02 2.856489275186538911e-15 1.072115168582788272e+02 8.773834935936005233e-03 1.073938259446452435e+02 8.275933028400590113e-03
3.146952663564570735e-02 6.973850769498386013e-19 6.626273857204228079e+01 2.804504656997193202e+00 -2.877876875017361336e+00 2.413801871782715214e+00 -1.900049461572460574e+00 2.582987195753728482e+00 1.114548286909173669e+02 1.428244637593269455e-15 1.071695436414863281e+02 8.034958179463430258e-03 1.073309831076592786e+02 7.543565955520728852e-03
3.250099616228129679e-02 0.000000000000000000e+00 6.341455697607987219e+01 2.495129684983200313e+00 -4.177709697740816353e+00 2.545289757694483068e+00 -1.408050147048999445e+00 2.364495764306560499e+00 1.115662835196083194e+02 5.712978550373077822e-15 1.071232992387269576e+02 7.904277674937999071e-03 1.073261756477444635e+02 9.063842882977036011e-03
3.353349715844360784e-02 6.973850769498386013e-19 6.660352617949855869e+01 2.952397031640659364e+00 1.030375242201230002e+00 2.250069565751518397e+00 -2.167024370453071835e+00 2.548744361758096044e+00 1.116778498031278417e+02 2.856489275186538911e-15 1.070511826384602614e+02 8.707358152132109105e-03 1.072744752235394685e+02 9.156062008481874459e-03
3.456703065560201571e-02 1.394770153899677203e-18 6.339441398525228522e+01 2.531883992456410937e+00 -6.917273815989701813e-01 2.339859234622391426e+00 1.147790147751936773e+00 2.436947315708763107e+00 1.117895276529309854e+02 1.428244637593269455e-15 1.069585295278097306e+02 8.637512489837779681e-03 1.072958187920400519e+02 9.416044658384609134e-03
3.560159768625750093e-02 0.000000000000000000e+00 6.170577928866742923e+01 2.527836762121526526e+00 -1.155571251688975565e+00 2.902498329665285759e+00 -1.967256813154953932e+00 2.784960466104935861e+00 1.119013171805838880e+02 2.856489275186538911e-15 1.069269615601205032e+02 7.237474536586244005e-03 1.072249346591465127e+02 7.508727688253277049e-03
3.663719928394371106e-02 1.394770153899677203e-18 7.136047647707894725e+01 2.097488711204415157e+00 -9.084330001333665860e-01 2.435634321656767298e+00 9.556813051323359565e-01 2.738005200827488217e+00 1.120132184977644840e+02 1.428244637593269455e-15 1.069329962231545892e+02 8.711825426458119984e-03 1.070949804444544924e+02 7.859258732526777994e-03
3.767383648322771006e-02 6.973850769498386013e-19 7.207300077198448207e+01 2.546920109605839588e+00 -3.352576708529271698e+00 2.521087473867270390e+00 3.538937025858435725e-01 2.396078664447367057e+00 1.121252317162622631e+02 0.000000000000000000e+00 1.068647445399825813e+02 7.738868229605642100e-03 1.071102181452107658e+02 7.460601426821445240e-03
3.871151031971090117e-02 0.000000000000000000e+00 7.723939624868633302e+01 2.488778318793245070e+00 3.530717514350621422e-01 2.562711364882069187e+00 3.375336798419577899e+00 2.759886701375026785e+00 1.122373569479784976e+02 2.856489275186538911e-15 1.067286409318951286e+02 8.165249410457316864e-03 1.071500449760166873e+02 8.390596724223290878e-03
3.975022183003068532e-02 1.394770153899677203e-18 7.651321880178635126e+01 2.599397289786567811e+00 5.459273406462101796e-01 2.342373383303164580e+00 -1.124496171451708104e+00 2.639854327459774552e+00 1.123495943049264838e+02 2.856489275186538911e-15 1.067227963758696347e+02 8.224280700159221011e-03 1.070649959994785974e+02 7.663969577439254909e-03
4.078997205186059294e-02 6.973850769498386013e-19 7.921992500168107654e+01 2.269289233949318252e+00 6.367610686899700667e+00 2.443708249307618541e+00 2.534146684843968433e+00 2.278058537764203972e+00 1.124619438992314855e+02 5.712978550373077822e-15 1.067424036264196587e+02 8.400806056513393169e-03 1.069668102954977797e+02 9.588566979911663721e-03
4.183076202391249054e-02 6.973850769498386013e-19 7.589886881234890836e+01 2.732331152717856426e+00 -4.722975298792009280e-01 2.368664299088168335e+00 5.870914615182577512e-01 2.349847813066872071e+00 1.125744058431306627e+02 0.000000000000000000e+00 1.067248806101209482e+02 9.862718194722478945e-03 1.068868629455647010e+02 1.005024835196626116e-02
4.287259278593642114e-02 2.092155230849515804e-18 7.848997904487184485e+01 2.215727786593061577e+00 -1.184196281270791795e+00 2.585001957952959728e+00 4.157888091558132326e-01 2.291462943083149906e+00 1.126869802489738532e+02 5.712978550373077822e-15 1.066275110047870527e+02 8.777771689488459567e-03 1.068900250977593487e+02 8.786945609582716768e-03
4.391546537872239447e-02 6.973850769498386013e-19 8.475512546505422051e+01 2.505631969011827387e+00 2.613778347462280660e+00 2.479811098444076212e+00 4.789288643494816533e+00 2.431915763595875024e+00 1.127996672292227629e+02 1.428244637593269455e-15 1.066351567148724655e+02 8.813990839689622367e-03 1.067927981911909541e+02 8.576766202709796422e-03
4.495938084410108782e-02 1.394770153899677203e-18 8.388556341782890513e+01 2.595919063804639659e+00 -3.612051565631542449e-02 2.616059819196621561e+00 -1.300694082579787692e+00 2.836379421624906971e+00 1.129124668964520311e+02 4.284733912779808366e-15 1.065807129605699686e+02 8.213650022643455978e-03 1.067436322078002888e+02 8.354424416765680178e-03
4.600434022494519215e-02 6.973850769498386013e-19 7.824410087193092522e+01 2.425895996160368107e+00 -1.668654008802495703e+00 2.252712800301283291e+00 -2.812351649122388775e+00 2.314498628477383857e+00 1.130253793633484776e+02 2.856489275186538911e-15 1.065157433326767915e+02 8.368525317391833224e-03 1.066681383339722373e+02 7.105559327649939305e-03
4.705034456517008523e-02 1.394770153899677203e-18 8.161923127450830862e+01 2.536226499090021846e+00 -1.607431812094649803e+00 2.708972090647238762e+00 -9.773673901114104945e-01 2.461149285791207841e+00 1.131384047427117707e+02 1.428244637593269455e-15 1.063333661980320954e+02 9.328710987092770843e-03 1.067289783740555151e+02 8.825108717465043884e-03
4.809739490973530956e-02 6.973850769498386013e-19 8.382567220906648231e+01 2.405037218533674803e+00 2.751923407582598236e-01 2.205748809912054575e+00 6.025410058249903722e-01 2.435155881430823399e+00 1.132515431474544982e+02 0.000000000000000000e+00 1.063236874152463685e+02 7.429285505972305602e-03 1.066424203079200055e+02 8.362585334539571896e-03
4.914549230464491242e-02 1.394770153899677203e-18 7.973485027578777817e+01 2.826000022164813608e+00 -2.280696526309700989e+00 2.505009731625232661e+00 -1.610424124181967898e+00 2.307491059974705383e+00 1.133647946906019399e+02 0.000000000000000000e+00 1.062598900978397012e+02 8.771195205780129775e-03 1.066119276239603408e+02 7.642865948321087878e-03
5.019463779694958994e-02 6.973850769498386013e-19 8.218431623793594554e+01 2.391600691374381249e+00 -1.721485342690315390e+00 2.615072200595598417e+00 -3.008586023039673041e+00 2.331729458534703703e+00 1.134781594852925082e+02 4.284733912779808366e-15 1.061802009108193658e+02 8.005927879498123123e-03 1.065972808854635758e+02 8.442809975638154371e-03
5.124483243474649979e-02 0.000000000000000000e+00 8.583232373437911633e+01 2.557479784106361453e+00 1.341045797379177396e+00 2.497127342377337911e+00 2.026508935933300837e+00 2.522645488370729439e+00 1.135916376447778617e+02 2.856489275186538911e-15 1.061026727055514840e+02 7.456375859408034650e-03 1.065157171101425035e+02 9.160907476711338190e-03
